841.2491295654258
352.65886840625575
124.4324541121525
2363.299013917013
776.1471440966433
3738.3412925578136
80.78821801122326
504.0740183232326
360.1422209363324
79.44584000142495
4773.131878640424
91.7202627472295
1508.9249285385401
2456.3295767109057
129.23652258630298
2675.307557853776
2289.5749253686577
250.1876521045691
453.909511127346
291.9799929229968
2025.3335631407547
17.262634842027573
1219.4592684809581
1429.092802601987
100.85769967505384
492.8805066900575
15.64245997219364
554.0683621146234
1336.9770042667305
7141.422025673036
882.7407144438438
1452.184783913399
197.48835130796897
2470.3612638400264
1496.9879448516515
908.1860146300626
3217.0342707885115
1433.5074662179006
202.89589388473428
3525.3951718800713
189.35710697555461
367.5428188431181
179.6625367729993
1736.3553948858705
2584.4448389305403
870.7720546745732
370.90080687042956
1797.8462454097807
2075.872723669028
486.26604579966033
4278.881111766804
3309.3567285920462
3262.345698927148
263.74083108547575
209.61010332396285
1035.1504006462235
366.52085752570076
294.272441099762
806.2347088882876
912.380687732171
472.96142204693433
1173.3318012282818
648.4238902637816
333.5450358857882
390.3870701580541
298.65514086535495
1281.6350232255056
1032.5701930867392
86.26411831157107
2273.3321866155998
50.579334277470636
1299.8170109622397
865.1219613978072
257.11237785188285
557.0576457658609
345.74501352713503
346.44978054453065
1075.8418167409757
235.02549306568693
630.3587216491562
2139.9368413574193
4705.193765645523
47.13422927201407
2806.8044239351216
368.2865721897286
1251.1244930766877
262.5720018103051
1254.7492888451832
50.878083700197635
3.908701757819953
365.67512716552653
2485.7740969722418
832.471497189566
1813.7080483370153
983.3608147556725
652.6435595989064
555.8576657984738
275.15354888631595
669.4269063391182
1802.7632152620895
839.3326405088633
1718.133142978469
1278.609673908098
1947.072467441619
663.9840036287239
2287.909897724438
388.3346403601568
717.0974545834465
2707.948376023565
94.58903624544595
2618.239839899897
615.0028798130122
2910.73173985426
1642.9063274526245
1856.7377850235869
1588.1355243227747
286.74976542426026
4516.402721801336
415.0895117159154
588.6497224228003
1662.745668116733
116.52605659306931
640.5747194124267
1560.6130062966922
2074.3261069412256
516.2364456287702
2893.9495959529568
2247.646644000708
1520.714097599346
3156.8497018952744
2262.166127597566
295.7132695597959
446.888323721158
573.9690422723882
312.6678893709433
424.099200695568
6694.040165252943
37.422760844116574
238.60318502898568
431.01997680486767
2.442466289172033
1460.2993440741914
1372.8169695957438
1025.4452840290066
1000.1771433136776
613.3896746962558
242.170170418646
1274.5876505401482
1046.6756224250641
135.98294258367588
155.0377649050717
828.8577268842178
2845.1913824104877
62.05993947600411
4159.454686435277
1643.1445064945797
463.7425912143176
791.8642009428484
450.7475205022793
2632.8116755203337
528.5064612285141
650.6777052410231
311.74356816580945
2988.6546838109402
928.1264224440595
4723.69880506735
819.9245776222917
3977.99267192507
2197.0995418238426
4853.509108797778
3043.8804578418694
502.3125687977067
51.6271918912005
83.82808412765351
127.14226458757481
300.4422056682933
2758.8635495147937
928.1769917070495
13.966974283843363
344.81535789640424
806.3918808842234
532.2900662851368
26.726509944979288
369.24331983671357
947.3496831369605
665.463148052849
1008.2645838217414
1251.022628869233
2249.856932308992
997.1503682395993
1587.5973483341038
115.89482310770653
264.7167541428296
1399.2203955885484
1759.7946254182064
1692.3553734051736
450.70635642731884
213.13059980342732
1147.8948620442372
2493.304411436093
5.737495318186426
1170.7123536078125
2162.888197924321
1656.9655374727845
560.1631918611016
579.6472954621789
111.43480568987034
857.8308185680869
1650.7991600510131
2283.4863194454133
871.3353238638543
743.48326781486
481.7556807432199
955.029636354014
2383.4669044476373
52.88923106827626
407.0252307780171
140.64769183740466
1953.3276328158854
538.4277764461265
1405.0157601388196
640.6770049885902
1087.6550745078357
1601.2259772359328
695.7788392635866
3628.0449157760413
423.94074742955655
1223.1162675468709
2907.541162569991
360.5996841643935
37.842807079002334
193.74078924367566
1144.534274999272
2360.8519894997075
22.439906928084113
897.498642610643
4.452775068550649
231.31431597111904
1238.1356044162683
566.4329348296142
551.258010901899
658.4614919824403
448.75105304589783
5022.822394421974
192.64931645195185
576.7844335896989
263.7040746418489
102.88202446637379
366.37324135779045
965.8479613812399
538.3551901914055
464.591058322091
763.8112774206027
1722.4099762692276
665.7248818955662
2236.347863747037
422.65396808431933
116.3838045330062
131.48433782588728
2278.6556186245125
359.6153578879363
1823.849829558362
1034.0210743499438
1542.8031622934473
695.8825627267053
44.133888982489225
1314.6013084223869
4974.153574501076
594.0306448038605
1091.3051268721406
1050.5957539457027
549.321986394503
147.64948821084286
694.7556564364677
288.7747558150397
1032.085015816758
217.74454062813078
163.58658832205984
668.7216102294486
1146.2434924162494
970.706403287961
1533.0807119468905
1666.799346070689
124.71496898862733
325.75474070632333
36.35080435290018
1610.118883787662
168.1647900224068
1825.8853859713895
829.0801868657575
185.09077756388263
1434.5690122702517
1122.0225826078292
350.9739911829767
287.40409130918204
1461.7114813543433
122.62850054287556
1912.871200208198
112.27962341774273
503.5191818033609
23.4234751406907
853.9303656821468
720.5795010899623
7126.366174128982
749.6591445534466
55.33803450992735
1300.0342099031184
166.39112761569422
1198.5196336343604
834.0112641014642
938.2213740416072
271.014125523166
1906.7012475888193
2253.3536379758007
213.46520811501455
225.86703359987376
2127.162433413418
232.4761739568875
297.70343172881616
668.3823079690773
0.6100401894487263
147.7991155576762
808.8518896924602
788.3553909558511
817.3281341409536
269.10048824946546
603.1256683782497
1280.6780353890892
2143.374395554951
437.78313585729086
519.9492538271255
2971.457306579073
924.4394223756645
657.6591212242771
2431.730878544243
146.89487154761693
669.3055546982135
576.1249821816659
437.5034843126412
538.6723827532343
3001.2000634911064
4633.363604708493
2343.492847707756
160.96624510650437
3836.9472854210417
1410.776481242998
798.8394548024684
140.68718802950167
1017.3905473704978
156.44504013234635
69.04390516171387
607.2778744470851
549.4972620467383
820.7308894125567
56.01951960626477
1010.5748687061605
2540.3144391848086
791.1212667875071
406.11221021258234
540.749052140674
1148.4035975807972
518.4269287340054
2043.1172396597838
130.41862835071544
2436.0706604601705
3241.535800850871
40.1956059480833
1920.0709944763807
3290.504567943861
260.48198531541357
1330.4187360215155
568.5089192632527
1382.5487358595526
4156.619097780618
141.16308906617013
491.18066780952853
689.0165469367546
65.60211748906123
2143.4273290912142
1954.1547618059888
144.20873423727159
75.02635842568843
1061.4017234693313
376.5070761897747
901.6506460628335
1020.1132514651932
378.7641943090652
2234.9724828708627
1086.9915857262743
2457.5704107795195
1957.0174911714512
1491.7465813175797
324.4315583163408
91.39770250423335
691.1683054664078
3622.5370724164163
2998.0124623270726
376.84088130146097
665.036266380911
393.7174629130459
1247.7448530088222
302.05705586046923
512.0383943686229
43.02732500980047
1217.1151314668937
1349.6938414491422
1739.3849827619151
835.2820592351889
871.8203583520151
416.84672819898464
2.331342161226496
231.84336193855722
744.031285173153
328.77409929902814
465.4808960824344
33.926423573720456
81.47150158112333
324.67121491647293
1148.3185551556037
452.33164716550874
157.5298777885975
1542.660505489953
233.88514293010775
3480.953473522
1697.7200495884529
1249.208422267701
998.0835037650544
2447.1186568882345
5236.648722844662
310.6294376586539
22.96452008275319
177.14433732444266
143.15114197284564
325.88279242781
245.2636603668102
1376.3717058213115
287.4600145163528
12.372803239261902
1455.4336253684758
371.8472226777654
2147.511923148435
856.0951354420777
485.41485905460854
2309.07467675979
992.4367556599229
8.646197350440582
2450.8122288272384
1472.400735547814
1191.6839094859417
557.2774654008408
1862.6505280339563
77.71916137443276
516.6919097794589
218.354622245527
924.8662245236028
4836.4541604161495
527.0634982484146
967.5664397310654
3439.8293034925355
1045.304706892531
259.8887392633213
256.8523815826884
325.5553778092187
2105.1973635457007
2088.8682501097387
166.45638194147142
2438.0883629386008
608.6749408277526
1203.565763222374
895.1618378539148
3094.901449299466
1833.1682831630987
371.37882321054525
1013.4337377574302
22.436168762909
657.0794797069414
1618.1913137542692
2430.1885862241397
784.9700640478176
264.7096679323507
1018.5937101678353
274.24470561885545
674.8833356914541
437.27920705872816
7289.722274478871
317.01345141584073
60.42289088661802
246.7535099752626
237.3538028525548
1436.2442641407733
2366.7983217241194
494.49583092660333
452.4735717130119
861.3876728234344
1788.0498051869579
801.8668882875255
24.74974473599146
360.6102790777867
1724.8566112500082
44.73617389237998
517.8168110059374
262.3688495154934
1202.5336032852463
1120.335246893556
66.49527729999127
1095.6024313683654
216.4743781136627
1277.047664771574
1256.0335235723885
259.1780244935806
1275.2571283838995
2241.1472456537626
557.9368617210296
1371.7107466159594
139.06050501588328
3672.1517139537737
1839.4949959168473
914.2050931861235
2347.7822719185892
412.8706099556194
1054.1586653550128
136.2943426263266
1776.738126371194
492.14322567072946
1422.506779282667
224.81146508470934
265.62332873775495
2270.827700188344
245.79551978352782
234.24076276357928
3049.817901002823
1889.3044886038997
710.7756561173181
1544.7630653118943
1412.7572775975802
1377.973115715597
103.80503613801166
1388.3796461532702
1275.1260752991532
211.47710872156202
625.0088515254317
1537.8094149807075
46.14326428109312
1876.5681228536591
1202.93664779265
561.1646826751504
575.75590634191
92.14409376690253
631.3040102146642
37.9451030958139
2130.0492427265135
933.7160661170387
1441.3176539522024
1197.949941693793
3553.518691066524
817.7135306008332
963.2602783977073
779.8716219695477
3826.602048408519
798.3667566183602
481.43447701148926
604.5577773223031
491.82218508680023
212.0047681397287
999.4839084837223
1540.5752827094682
100.8505352001158
1312.2277278939905
935.9019477821962
2134.197894766847
3024.2319329848724
179.96286253418936
3570.7548124854084
1502.701499271333
719.3575837666806
323.49371200778984
395.83544967346296
509.66309544903146
572.1884333896389
2751.9308392920852
351.4632904088912
3102.170936029405
80.00100820395936
223.51696364156058
47.69791493974722
306.50930817338696
628.477658399499
607.51248194264
710.6571324054725
569.8355252869277
1459.834656370687
553.0962874986384
191.50328160264857
1207.3634339842001
1069.5375784411485
1381.3272370363177
3316.1467463105755
1547.747264295229
1403.3641586562305
794.4001497295809
1875.3917476451504
174.32927702377674
4276.151019382247
955.1373131537978
1163.994085120933
102.8724324759366
897.4174436780953
83.19559187242736
2518.076408326041
827.4512853777852
482.77516054497687
8.399432721318464
1265.961256491727
242.51785866075642
2211.6056837120577
1.4447956572054597
676.4130844599485
38.980022618548894
451.41573930445554
770.0763316732852
83.67817551433754
1179.058791156791
2296.999112883698
915.1876085321427
836.2577807433642
185.84323319461888
1061.726816707223
762.341149370543
1171.732849730218
1284.009058087584
1099.2683741218912
204.5209576198789
498.19608247189075
296.51667481069876
2297.3825705343047
745.9229966458489
261.70046031255794
2086.250493970409
172.05502700395039
1466.23800085073
534.6298276575259
110.3103902192632
942.7250381970706
963.7478419624282
596.5389285240375
2690.1558804268143
17.2298598425679
658.6738116613599
721.6944549718036
93.08541223350487
421.6600248456294
838.8307205659797
193.32768854834674
835.5219164593195
300.9217288178402
201.78742676148866
551.8016846809722
396.1060566647107
1105.1889763751722
960.7213001204241
352.62017885289396
838.6710879398208
285.19311224801805
1786.3751631019973
407.26793190293813
12.957084260703853
392.88783354080573
952.1720100642276
1810.2833118868784
3462.4127189233322
417.9256771038092
528.8069136154472
3110.159614499362
537.9319029508264
1102.0658923594497
251.3201352030684
425.35639173225525
201.7399013664529
252.259424425576
1321.3819599293322
1319.1622370340485
124.5414095206017
394.550584813155
439.61684703660285
2300.3341537177853
1100.8944449169016
185.92805849507525
1298.0382238969814
1421.9155853496784
919.9600531386725
1084.566242562841
1628.7375927611638
1180.6017630823742
291.19697308260805
2428.293140620192
4250.367889788266
2662.108604299199
906.8314781317988
588.6787469522812
21.151712964094806
611.6744980545062
260.9025103572022
715.4753520048988
255.49405634544536
191.78294535995016
1752.8748835930612
1607.8014819881241
1276.8274110087677
323.49000185589824
67.42214983102903
1368.0875694002355
122.57431962976642
759.7965858205367
1006.9392412650744
683.2924856175368
1376.9247344184412
268.99995868004964
7678.8042612639565
1377.0774316709476
652.2233855488552
1954.7759477637237
1006.4780426242203
1700.605821320271
1205.906494727345
4441.23046278147
2195.145524347729
1716.2248300930287
345.7686619585098
620.0451034132965
465.85243071304376
3745.5261937284163
962.3540045480172
801.3058107564215
745.8348345167799
1632.2537280997456
91.61645893960315
657.8617720676992
85.49633189936681
925.4666813022504
278.8993210519064
390.2454947801236
5738.8856685980745
510.76492295516863
2509.3902142682623
40.64100550820228
135.2872864509453
693.0701042402451
1407.2784148794456
1754.2902713361973
716.9936435980011
342.97084633878217
423.7028385413868
2353.4799357361235
1085.1748093350445
438.46013525360496
2699.711685641355
98.82379812065585
48.29962714649576
4148.107170005789
34.72485166467489
278.5772989707941
1220.5093519533862
1210.588507100988
3062.7571946053467
2121.2863693375257
303.4613943897039
1394.9641856518776
575.8039857349718
1281.0655705089434
1994.0056449720826
2411.8281741204482
1830.9719614755575
216.71642746126068
280.73658596388947
1697.1570504335696
100.34519454235313
688.0950574951215
2311.590411038263
3466.994835372216
75.96761299885846
1992.9840476040617
383.6360640958092
270.6826186459351
1589.9984148371593
1314.0682837326224
91.31018138051225
860.5971601504551
1561.4684258441969
12.80119883279141
1027.3332361723405
1391.4192714008009
734.8603916807338
106.95657662911515
499.589334545734
1640.9959848657993
350.6814270044939
1230.888284907933
239.0510889683007
108.06658744292795
310.22543493249213
156.48295886829015
397.13350267267003
26.179265919028992
2253.7538787871913
3668.25104279191
1115.655020211915
1610.209290781108
1227.5543955266364
527.6797761755655
920.9117936714971
377.46542316278163
2180.9537220631005
606.531531999777
2934.2582606445744
16.547847672349263
43.872586775587955
1600.9949277414576
737.0940371251031
96.76215110489808
1710.0099898323467
1994.8977578123945
769.6720810618343
53.06424829587161
4.270422202820499
2315.96895877568
1480.4849547199483
4241.6277182281
122.05434802224886
37.53402526173959
487.5740934227358
106.349046863636
1275.8086562509145
977.4925445951029
440.7614055343144
164.7489904627278
208.90227905359552
9365.133302853308
1732.369575449729
55.50213510906373
47.812957739897364
931.6089108118637
582.6619543268556
795.5925310141889
907.0776495933112
6.211631256558597
271.7347871019261
633.5461118911214
1393.6857891176207
868.9422238849983
992.1424633728968
857.4757407639592
4380.45123622234
1405.4692454781057
4209.040199318112
1110.7356720511025
1267.7392857417033
386.77394842325884
1626.321388382475
777.5283748872243
540.0197852852737
694.288509558991
279.4749151836512
1332.9247720282312
668.7523379981187
1728.4423469901833
1177.8173106333231
2920.7096436408115
3934.9020135870605
115.50057160128758
278.9352181502686
303.1221898881005
1303.09989303006
3630.6677147854434
773.2392829029312
1040.9410780054502
226.84494646351231
184.58085084943932
1305.1235717241764
103.37704097704734
569.9207559172318
4215.112909369965
1551.3821336142355
248.29776456334608
4000.5893735018517
293.0426119818827
4777.96972203569
1936.0955109230686
151.00887822230857
49.81229152930952
906.1732464002147
690.8179314076364
1948.3381836468927
1922.5116866595843
343.8297777976114
468.0477042853344
1748.6020924588784
101.67086271714346
590.4197945274442
890.1495550764989
584.9599543903519
4200.657843643382
3815.5758752451943
22.005006730744867
139.12422649615127
2178.6489864091714
515.980770478894
4257.312715446983
1726.0547844538626
874.948355751569
236.41062233043206
239.33624279633497
1532.6677005222286
376.9383914541541
937.0927754441693
157.83987418401705
952.004711681026
2709.096215738587
2094.54637790269
2.2451088799230052
841.1441657948371
171.7927529421389
18.576890625657487
716.2750544978682
755.768479320082
615.2244329616856
1193.796982102497
1713.8301193295788
950.4312360188599
451.46921753475766
2446.0470098010014
1782.8959051804063
201.48763521957608
3226.8398807834383
496.87852457197215
1032.761687015132
26.569266855357284
561.7426395831396
1804.4390807676104
211.64941299081394
190.8281881243821
290.99656557954216
1399.870857793947
985.8461241015063
1296.2670283791308
0.9509352021865054
1621.859832397697
683.3222421550668
908.4755860051531
91.22265592340405
206.8289304811814
169.66491352285212
3681.8628326987023
832.0968460116567
1897.3101761818177
820.6861958911053
1125.398822215585
617.3742796109085
319.7882473624735
334.26196557788563
1221.5091609835986
56.47983978139283
845.2150709054353
810.0691630133825
487.5309154987587
2070.4107781608736
82.72939776621017
658.1311774786747
1485.9626454697916
347.6175931426134
2657.557738998263
2393.844508977748
1681.1170293217062
148.8992763786893
826.3332635665847
8418.816597216937
2963.5667881002487
293.0859199550983
447.3629468360118
2775.1569787113053
1232.6704621306276
2481.4033784718713
9.079566750997495
1180.2244902959408
2998.8230669633886
2468.4863594122044
1008.1175187470503
70.3478642475539
1700.9139152055077
649.5101533417693
1768.3297429493146
2210.7425001806077
894.0778629363969
1953.4280514306415
263.2517569645187
368.5593486345803
1260.737619014698
303.1225859668512
563.3629276208807
226.56496604430797
2545.707308009956